1	467	169
2	170	466
3	172	466
4	173	466
5	174	466
6	175	466
7	176	466
8	177	466
9	178	466
10	180	466
11	181	466
12	223	466
13	225	466
14	1	663
15	2	663
16	3	663
17	4	663
18	5	663
19	6	663
20	7	663
21	8	663
22	9	663
23	10	663
24	11	663
25	12	663
26	20	663
27	21	663
28	22	663
29	23	663
30	24	663
31	25	663
32	25	663
33	26	663
34	27	663
35	28	663
36	28	663
37	28	663
38	28	663
39	29	663
40	14	663
41	30	663
42	31	663
43	32	663
44	33	663
45	34	663
46	35	663
47	35	663
48	36	663
49	37	663
50	37	663
51	38	663
52	39	663
53	40	663
54	41	663
55	42	663
56	43	663
57	44	663
58	45	663
59	46	663
60	47	663
61	48	663
62	49	663
63	50	663
64	51	663
65	52	663
66	53	663
67	53	663
68	54	663
69	54	663
70	55	663
71	56	663
72	57	663
73	58	663
74	58	663
75	59	663
76	60	663
77	60	663
78	61	663
79	62	663
80	63	663
81	64	663
82	65	663
83	66	663
84	67	663
85	68	663
86	69	663
87	70	663
88	71	663
89	71	663
90	72	663
91	73	663
92	73	663
93	74	663
94	75	663
95	75	663
96	76	663
97	77	663
98	78	663
99	79	663
100	80	663
101	81	663
102	82	663
103	82	663
104	83	663
105	84	663
106	85	663
107	86	663
108	87	663
109	88	663
110	89	663
111	89	663
112	91	663
113	92	663
114	93	663
115	94	663
116	95	663
117	96	663
118	97	663
119	97	663
120	97	663
121	98	663
122	99	663
123	100	663
124	101	663
125	102	663
126	103	663
127	103	663
128	104	663
129	105	663
130	107	663
131	109	663
132	110	663
133	111	663
134	112	663
135	113	663
136	113	663
137	114	663
138	115	663
139	116	663
140	119	663
141	122	663
142	123	663
143	124	663
144	125	663
145	126	663
146	127	663
147	127	663
148	128	663
149	128	663
150	129	663
151	130	663
152	130	663
153	130	663
154	131	663
155	132	663
156	133	663
157	134	663
158	134	663
159	134	663
160	134	663
161	136	663
162	136	663
163	136	663
164	137	663
165	138	663
166	106	663
167	106	663
168	140	663
169	141	663
170	142	663
171	143	663
172	143	663
173	144	663
174	145	663
175	146	663
176	147	663
177	148	663
178	149	663
179	150	663
180	151	663
181	152	663
182	153	663
183	154	663
184	155	663
185	156	663
186	156	663
187	157	663
188	158	663
189	159	663
190	160	663
191	162	663
192	161	663
193	163	663
194	164	663
195	165	663
196	167	663
197	166	663
198	108	663
199	184	663
200	170	3
201	170	6
202	170	8
203	170	10
204	170	11
205	170	12
206	170	21
207	170	22
208	170	22
209	170	23
210	170	26
211	170	29
212	170	14
213	170	30
214	170	31
215	170	33
216	170	34
217	170	35
218	170	36
219	170	36
220	170	37
221	170	37
222	170	38
223	170	39
224	170	41
225	170	43
226	170	43
227	170	44
228	170	45
229	170	45
230	170	46
231	170	47
232	170	47
233	170	48
234	170	48
235	170	48
236	170	48
237	170	49
238	170	51
239	170	51
240	170	53
241	170	54
242	170	54
243	170	55
244	170	55
245	170	56
246	170	57
247	170	57
248	170	58
249	170	58
250	170	59
251	170	59
252	170	60
253	170	60
254	170	61
255	170	61
256	170	63
257	170	64
258	170	66
259	170	67
260	170	70
261	170	71
262	170	74
263	170	75
264	170	75
265	170	77
266	170	78
267	170	78
268	170	78
269	170	81
270	170	82
271	170	83
272	170	85
273	170	85
274	170	85
275	170	86
276	170	87
277	170	87
278	170	89
279	170	89
280	170	89
281	170	91
282	170	91
283	170	91
284	170	92
285	170	95
286	170	96
287	170	96
288	170	97
289	170	97
290	170	97
291	170	98
292	170	98
293	170	99
294	170	100
295	170	100
296	170	100
297	170	101
298	170	101
299	170	101
300	170	102
301	170	103
302	170	104
303	170	104
304	170	104
305	170	104
306	170	105
307	170	105
308	170	107
309	170	110
310	170	111
311	170	111
312	170	114
313	170	115
314	170	116
315	170	116
316	170	117
317	170	117
318	170	117
319	170	117
320	170	117
321	170	118
322	170	118
323	170	118
324	170	118
325	170	118
326	170	119
327	170	119
328	170	119
329	170	120
330	170	120
331	170	120
332	170	120
333	170	122
334	170	123
335	170	125
336	170	125
337	170	125
338	170	126
339	170	126
340	170	127
341	170	127
342	170	128
343	170	128
344	170	128
345	170	128
346	170	128
347	170	128
348	170	129
349	170	129
350	170	129
351	170	129
352	170	130
353	170	130
354	170	130
355	170	130
356	170	131
357	170	134
358	170	134
359	170	134
360	170	135
361	170	135
362	170	135
363	170	135
364	170	135
365	170	135
366	170	136
367	170	136
368	170	137
369	170	137
370	170	137
371	170	138
372	170	106
373	170	106
374	170	106
375	170	106
376	170	106
377	170	106
378	170	139
379	170	139
380	170	139
381	170	139
382	170	139
383	170	140
384	170	140
385	170	141
386	170	143
387	170	143
388	170	144
389	170	144
390	170	145
391	170	145
392	170	146
393	170	149
394	170	149
395	170	150
396	170	151
397	170	151
398	170	151
399	170	152
400	170	152
401	170	153
402	170	155
403	170	155
404	170	155
405	170	156
406	170	157
407	170	158
408	170	159
409	170	159
410	170	160
411	170	163
412	170	164
413	170	165
414	170	165
415	170	167
416	170	166
417	171	28
418	171	37
419	172	8
420	15	28
421	173	3
422	173	6
423	173	8
424	173	9
425	173	10
426	173	11
427	173	12
428	173	20
429	173	22
430	173	26
431	173	27
432	173	29
433	173	30
434	173	30
435	173	31
436	173	33
437	173	34
438	173	35
439	173	36
440	173	37
441	173	38
442	173	39
443	173	40
444	173	41
445	173	42
446	173	43
447	173	44
448	173	44
449	173	45
450	173	46
451	173	47
452	173	48
453	173	49
454	173	49
455	173	50
456	173	51
457	173	52
458	173	53
459	173	54
460	173	55
461	173	55
462	173	56
463	173	57
464	173	58
465	173	59
466	173	60
467	173	60
468	173	60
469	173	61
470	173	62
471	173	63
472	173	63
473	173	64
474	173	65
475	173	66
476	173	66
477	173	67
478	173	68
479	173	70
480	173	71
481	173	75
482	173	76
483	173	77
484	173	78
485	173	78
486	173	79
487	173	82
488	173	82
489	173	83
490	173	83
491	173	85
492	173	87
493	173	88
494	173	89
495	173	91
496	173	91
497	173	92
498	173	94
499	173	95
500	173	95
501	173	96
502	173	97
503	173	98
504	173	98
505	173	99
506	173	100
507	173	100
508	173	101
509	173	101
510	173	102
511	173	103
512	173	104
513	173	104
514	173	105
515	173	105
516	173	107
517	173	107
518	173	110
519	173	111
520	173	112
521	173	113
522	173	113
523	173	114
524	173	115
525	173	116
526	173	116
527	173	117
528	173	117
529	173	117
530	173	117
531	173	118
532	173	118
533	173	118
534	173	119
535	173	120
536	173	120
537	173	120
538	173	120
539	173	120
540	173	120
541	173	121
542	173	121
543	173	122
544	173	122
545	173	123
546	173	123
547	173	124
548	173	125
549	173	125
550	173	126
551	173	126
552	173	127
553	173	127
554	173	128
555	173	128
556	173	129
557	173	129
558	173	129
559	173	129
560	173	130
561	173	130
562	173	131
563	173	131
564	173	133
565	173	134
566	173	134
567	173	135
568	173	135
569	173	135
570	173	135
571	173	136
572	173	136
573	173	137
574	173	137
575	173	138
576	173	138
577	173	106
578	173	106
579	173	106
580	173	139
581	173	139
582	173	140
583	173	140
584	173	141
585	173	141
586	173	142
587	173	143
588	173	143
589	173	144
590	173	145
591	173	145
592	173	146
593	173	146
594	173	148
595	173	149
596	173	150
597	173	151
598	173	151
599	173	152
600	173	152
601	173	153
602	173	153
603	173	154
604	173	155
605	173	155
606	173	156
607	173	156
608	173	157
609	173	158
610	173	159
611	173	159
612	173	160
613	173	160
614	173	163
615	173	161
616	173	164
617	173	164
618	173	165
619	173	165
620	173	167
621	173	166
622	174	4
623	174	10
624	174	12
625	174	20
626	174	20
627	174	21
628	174	22
629	174	22
630	174	23
631	174	24
632	174	24
633	174	25
634	174	26
635	174	26
636	174	27
637	174	27
638	174	28
639	174	28
640	174	29
641	174	14
642	174	30
643	174	31
644	174	32
645	174	32
646	174	33
647	174	34
648	174	35
649	174	35
650	174	36
651	174	36
652	174	37
653	174	37
654	174	38
655	174	39
656	174	40
657	174	41
658	174	42
659	174	43
660	174	43
661	174	44
662	174	45
663	174	46
664	174	46
665	174	47
666	174	47
667	174	48
668	174	48
669	174	49
670	174	49
671	174	49
672	174	50
673	174	51
674	174	51
675	174	51
676	174	51
677	174	52
678	174	52
679	174	53
680	174	54
681	174	54
682	174	55
683	174	55
684	174	56
685	174	56
686	174	56
687	174	56
688	174	56
689	174	57
690	174	57
691	174	57
692	174	58
693	174	58
694	174	58
695	174	59
696	174	59
697	174	59
698	174	59
699	174	60
700	174	60
701	174	60
702	174	61
703	174	61
704	174	62
705	174	62
706	174	63
707	174	63
708	174	64
709	174	64
710	174	64
711	174	65
712	174	65
713	174	66
714	174	67
715	174	67
716	174	68
717	174	68
718	174	69
719	174	69
720	174	69
721	174	69
722	174	70
723	174	71
724	174	71
725	174	74
726	174	74
727	174	75
728	174	75
729	174	75
730	174	75
731	174	76
732	174	77
733	174	78
734	174	78
735	174	79
736	174	80
737	174	81
738	174	81
739	174	81
740	174	81
741	174	82
742	174	82
743	174	82
744	174	82
745	174	83
746	174	84
747	174	84
748	174	85
749	174	85
750	174	86
751	174	86
752	174	87
753	174	87
754	174	88
755	174	88
756	174	88
757	174	89
758	174	89
759	174	91
760	174	91
761	174	92
762	174	92
763	174	92
764	174	94
765	174	94
766	174	95
767	174	96
768	174	96
769	174	97
770	174	97
771	174	97
772	174	98
773	174	98
774	174	99
775	174	100
776	174	100
777	174	101
778	174	101
779	174	102
780	174	103
781	174	103
782	174	104
783	174	104
784	174	105
785	174	105
786	174	107
787	174	107
788	174	110
789	174	110
790	174	111
791	174	111
792	174	112
793	174	112
794	174	113
795	174	113
796	174	114
797	174	114
798	174	115
799	174	115
800	174	115
801	174	115
802	174	116
803	174	116
804	174	116
805	174	116
806	174	116
807	174	117
808	174	117
809	174	117
810	174	117
811	174	118
812	174	118
813	174	118
814	174	118
815	174	119
816	174	119
817	174	119
818	174	119
819	174	119
820	174	119
821	174	119
822	174	120
823	174	120
824	174	120
825	174	120
826	174	120
827	174	121
828	174	121
829	174	122
830	174	122
831	174	123
832	174	123
833	174	124
834	174	125
835	174	125
836	174	126
837	174	126
838	174	127
839	174	127
840	174	128
841	174	128
842	174	128
843	174	128
844	174	128
845	174	129
846	174	129
847	174	129
848	174	129
849	174	130
850	174	130
851	174	130
852	174	131
853	174	131
854	174	132
855	174	133
856	174	133
857	174	134
858	174	134
859	174	135
860	174	135
861	174	135
862	174	135
863	174	135
864	174	136
865	174	136
866	174	136
867	174	136
868	174	137
869	174	137
870	174	137
871	174	138
872	174	106
873	174	106
874	174	106
875	174	106
876	174	106
877	174	106
878	174	139
879	174	139
880	174	139
881	174	139
882	174	139
883	174	140
884	174	140
885	174	140
886	174	141
887	174	141
888	174	142
889	174	142
890	174	143
891	174	143
892	174	143
893	174	143
894	174	144
895	174	144
896	174	144
897	174	145
898	174	145
899	174	145
900	174	146
901	174	146
902	174	147
903	174	148
904	174	148
905	174	149
906	174	150
907	174	151
908	174	151
909	174	151
910	174	151
911	174	151
912	174	152
913	174	152
914	174	152
915	174	153
916	174	153
917	174	154
918	174	154
919	174	155
920	174	155
921	174	156
922	174	156
923	174	157
924	174	158
925	174	159
926	174	159
927	174	159
928	174	160
929	174	160
930	174	162
931	174	163
932	174	161
933	174	161
934	174	164
935	174	164
936	174	164
937	174	165
938	174	165
939	174	167
940	174	166
941	174	168
942	174	168
943	175	8
944	175	33
945	176	3
946	176	6
947	176	20
948	176	22
949	176	22
950	176	24
951	176	25
952	176	25
953	176	28
954	176	34
955	176	34
956	176	35
957	176	35
958	176	37
959	176	37
960	176	37
961	176	38
962	176	38
963	176	49
964	176	55
965	176	56
966	176	56
967	176	57
968	176	58
969	176	58
970	176	59
971	176	60
972	176	60
973	176	71
974	176	75
975	176	75
976	176	75
977	176	91
978	176	91
979	176	91
980	176	97
981	176	97
982	176	97
983	176	116
984	176	116
985	176	116
986	176	116
987	176	116
988	176	116
989	176	134
990	176	134
991	176	134
992	176	134
993	176	134
994	178	3
995	178	4
996	178	20
997	178	20
998	178	22
999	178	22
1000	178	24
1001	178	28
1002	178	32
1003	178	34
1004	178	34
1005	178	35
1006	178	37
1007	178	38
1008	178	38
1009	178	49
1010	178	49
1011	178	55
1012	178	56
1013	178	57
1014	178	58
1015	178	58
1016	178	58
1017	178	59
1018	178	59
1019	178	59
1020	178	60
1021	178	60
1022	178	69
1023	178	71
1024	178	72
1025	178	75
1026	178	75
1027	178	81
1028	178	91
1029	178	91
1030	178	97
1031	178	116
1032	178	116
1033	178	134
1034	178	134
1035	178	134
1036	179	12
1037	179	37
1038	179	38
1039	179	57
1040	179	57
1041	179	82
1042	179	82
1043	179	97
1044	179	97
1045	179	116
1046	179	128
1047	180	3
1048	180	6
1049	180	8
1050	180	12
1051	180	20
1052	180	22
1053	180	34
1054	180	35
1055	180	37
1056	180	38
1057	180	43
1058	180	44
1059	180	44
1060	180	47
1061	180	49
1062	180	55
1063	180	58
1064	180	58
1065	180	58
1066	180	60
1067	180	60
1068	180	75
1069	180	82
1070	180	83
1071	180	89
1072	180	91
1073	180	91
1074	180	97
1075	180	104
1076	180	105
1077	180	107
1078	180	116
1079	180	130
1080	180	130
1081	180	130
1082	180	130
1083	180	130
1084	181	3
1085	181	6
1086	181	8
1087	181	22
1088	181	34
1089	181	38
1090	181	14
1091	181	55
1092	181	57
1093	181	59
1094	181	64
1095	181	75
1096	181	82
1097	181	83
1098	181	89
1099	181	89
1100	181	97
1101	181	104
1102	181	105
1103	181	107
1104	181	128
1105	181	129
1106	181	130
1107	181	106
1108	182	1
1109	182	7
1110	182	9
1111	182	11
1112	182	11
1113	182	20
1114	182	22
1115	182	22
1116	182	28
1117	182	34
1118	182	34
1119	182	35
1120	182	37
1121	182	55
1122	182	55
1123	182	57
1124	182	57
1125	182	59
1126	182	59
1127	182	60
1128	182	60
1129	182	71
1130	182	71
1131	182	82
1132	182	116
1133	182	116
1134	182	116
1135	182	116
1136	182	116
1137	182	116
1138	182	116
1139	184	1
1140	184	3
1141	184	4
1142	184	6
1143	184	7
1144	184	8
1145	184	9
1146	184	11
1147	184	11
1148	184	11
1149	184	12
1150	184	20
1151	184	22
1152	184	24
1153	184	24
1154	184	28
1155	184	34
1156	184	35
1157	184	37
1158	184	37
1159	184	37
1160	184	38
1161	184	49
1162	184	55
1163	184	56
1164	184	57
1165	184	57
1166	184	57
1167	184	58
1168	184	58
1169	184	59
1170	184	59
1171	184	59
1172	184	60
1173	184	60
1174	184	64
1175	184	71
1176	184	75
1177	184	75
1178	184	82
1179	184	82
1180	184	91
1181	184	91
1182	184	91
1183	184	97
1184	184	97
1185	184	97
1186	184	116
1187	184	116
1188	184	116
1189	184	134
1190	184	134
1191	184	134
1192	186	1
1193	186	4
1194	186	9
1195	186	11
1196	186	20
1197	186	22
1198	186	25
1199	186	28
1200	186	34
1201	186	35
1202	186	35
1203	186	37
1204	186	37
1205	186	37
1206	186	38
1207	186	49
1208	186	55
1209	186	56
1210	186	56
1211	186	56
1212	186	57
1213	186	57
1214	186	57
1215	186	57
1216	186	59
1217	186	59
1218	186	60
1219	186	60
1220	186	71
1221	186	91
1222	186	91
1223	187	1
1224	187	4
1225	187	7
1226	187	9
1227	187	11
1228	187	20
1229	187	22
1230	187	22
1231	187	28
1232	187	34
1233	187	34
1234	187	35
1235	187	37
1236	187	38
1237	187	38
1238	187	49
1239	187	49
1240	187	55
1241	187	55
1242	187	56
1243	187	57
1244	187	57
1245	187	58
1246	187	58
1247	187	59
1248	187	60
1249	187	71
1250	187	71
1251	187	81
1252	187	91
1253	187	91
1254	187	97
1255	187	97
1256	187	116
1257	187	116
1258	187	116
1259	188	9
1260	188	28
1261	189	1
1262	189	3
1263	189	6
1264	189	8
1265	189	9
1266	189	12
1267	189	28
1268	189	37
1269	189	116
1270	190	1
1271	190	4
1272	190	7
1273	190	9
1274	190	20
1275	190	20
1276	190	22
1277	190	22
1278	190	24
1279	190	24
1280	190	25
1281	190	25
1282	190	28
1283	190	32
1284	190	34
1285	190	34
1286	190	35
1287	190	35
1288	190	37
1289	190	37
1290	190	38
1291	190	38
1292	190	49
1293	190	49
1294	190	55
1295	190	55
1296	190	56
1297	190	56
1298	190	56
1299	190	57
1300	190	57
1301	190	58
1302	190	58
1303	190	58
1304	190	59
1305	190	60
1306	190	60
1307	190	71
1308	190	82
1309	190	82
1310	190	91
1311	190	91
1312	190	97
1313	190	116
1314	190	116
1315	190	116
1316	190	128
1317	190	128
1318	190	128
1319	191	28
1320	17	28
1321	192	4
1322	192	28
1323	193	1
1324	193	3
1325	193	4
1326	193	6
1327	193	7
1328	193	8
1329	193	9
1330	193	9
1331	193	11
1332	193	12
1333	193	22
1334	193	35
1335	193	57
1336	193	58
1337	193	58
1338	193	59
1339	193	64
1340	193	97
1341	193	97
1342	193	116
1343	194	1
1344	194	3
1345	194	4
1346	194	6
1347	194	7
1348	194	8
1349	194	9
1350	194	9
1351	194	11
1352	194	20
1353	194	22
1354	194	24
1355	194	25
1356	194	28
1357	194	34
1358	194	35
1359	194	37
1360	194	38
1361	194	49
1362	194	55
1363	194	56
1364	194	57
1365	194	57
1366	194	58
1367	194	58
1368	194	58
1369	194	59
1370	194	60
1371	194	60
1372	194	71
1373	194	75
1374	194	75
1375	194	91
1376	194	91
1377	194	97
1378	194	116
1379	194	116
1380	195	1
1381	195	7
1382	195	9
1383	195	11
1384	195	11
1385	195	11
1386	195	20
1387	195	20
1388	195	20
1389	195	22
1390	195	24
1391	195	25
1392	195	25
1393	195	28
1394	195	28
1395	195	32
1396	195	34
1397	195	35
1398	195	35
1399	195	37
1400	195	37
1401	195	37
1402	195	38
1403	195	49
1404	195	55
1405	195	56
1406	195	56
1407	195	56
1408	195	57
1409	195	57
1410	195	57
1411	195	57
1412	195	57
1413	195	59
1414	195	60
1415	195	64
1416	195	71
1417	195	91
1418	195	91
1419	195	91
1420	195	97
1421	195	97
1422	196	3
1423	196	6
1424	196	8
1425	196	12
1426	197	9
1427	198	1
1428	198	1
1429	198	3
1430	198	6
1431	198	7
1432	198	8
1433	198	11
1434	198	11
1435	198	12
1436	198	20
1437	198	22
1438	198	22
1439	198	34
1440	198	34
1441	198	35
1442	198	55
1443	198	55
1444	198	58
1445	198	60
1446	198	60
1447	198	71
1448	198	72
1449	198	91
1450	198	91
1451	198	97
1452	198	116
1453	198	134
1454	198	134
1455	199	1
1456	199	7
1457	199	9
1458	199	11
1459	199	11
1460	199	11
1461	199	12
1462	199	20
1463	199	20
1464	199	22
1465	199	22
1466	199	24
1467	199	25
1468	199	28
1469	199	32
1470	199	34
1471	199	35
1472	199	35
1473	199	37
1474	199	38
1475	199	43
1476	199	44
1477	199	46
1478	199	49
1479	199	49
1480	199	55
1481	199	55
1482	199	56
1483	199	57
1484	199	57
1485	199	58
1486	199	58
1487	199	59
1488	199	60
1489	199	60
1490	199	60
1491	199	64
1492	199	71
1493	199	71
1494	199	91
1495	199	91
1496	199	97
1497	199	97
1498	199	116
1499	199	116
1500	200	9
1501	200	37
1502	200	57
1503	200	57
1504	200	57
1505	200	59
1506	200	82
1507	200	97
1508	200	97
1509	200	97
1510	200	116
1511	200	116
1512	200	128
1513	200	128
1514	203	35
1515	203	151
1516	203	151
1517	203	156
1518	204	7
1519	204	9
1520	204	28
1521	205	1
1522	205	4
1523	205	7
1524	205	9
1525	205	97
1526	206	9
1527	207	1
1528	207	3
1529	207	6
1530	207	7
1531	207	7
1532	207	9
1533	207	11
1534	207	20
1535	207	22
1536	207	25
1537	207	28
1538	207	35
1539	207	55
1540	207	60
1541	208	4
1542	208	28
1543	209	3
1544	209	6
1545	209	7
1546	209	8
1547	209	58
1548	209	97
1549	210	1
1550	210	7
1551	210	7
1552	210	9
1553	210	11
1554	210	22
1555	210	22
1556	210	24
1557	210	28
1558	210	35
1559	210	55
1560	210	55
1561	210	55
1562	210	56
1563	210	57
1564	210	59
1565	210	59
1566	210	59
1567	210	60
1568	210	64
1569	210	71
1570	210	71
1571	210	82
1572	210	91
1573	210	97
1574	210	97
1575	210	116
1576	210	116
1577	210	116
1578	210	116
1579	211	28
1580	211	116
1581	211	116
1582	211	116
1583	211	97
1584	211	57
1585	211	57
1586	211	82
1587	211	82
1588	211	58
1589	214	28
1590	214	82
1591	216	1
1592	216	7
1593	216	9
1594	216	11
1595	216	20
1596	216	22
1597	216	28
1598	216	34
1599	216	35
1600	216	37
1601	216	37
1602	216	38
1603	216	49
1604	216	49
1605	216	55
1606	216	56
1607	216	57
1608	216	58
1609	216	58
1610	216	59
1611	216	60
1612	216	60
1613	216	71
1614	216	75
1615	216	75
1616	216	91
1617	216	91
1618	216	91
1619	216	97
1620	216	97
1621	216	116
1622	216	116
1623	217	28
1624	218	97
1625	218	57
1626	218	82
1627	218	82
1628	219	4
1629	219	4
1630	219	9
1631	219	9
1632	219	28
1633	219	35
1634	219	37
1635	219	57
1636	219	57
1637	219	58
1638	219	97
1639	219	116
1640	219	116
1641	220	25
1642	220	57
1643	221	1
1644	221	3
1645	221	6
1646	221	7
1647	221	8
1648	221	9
1649	221	11
1650	221	11
1651	221	11
1652	221	12
1653	221	20
1654	221	20
1655	221	22
1656	221	22
1657	221	25
1658	221	28
1659	221	34
1660	221	35
1661	221	37
1662	221	38
1663	221	49
1664	221	49
1665	221	55
1666	221	55
1667	221	57
1668	221	58
1669	221	58
1670	221	58
1671	221	59
1672	221	60
1673	221	60
1674	221	60
1675	221	64
1676	221	71
1677	221	71
1678	221	91
1679	221	91
1680	221	97
1681	221	97
1682	221	116
1683	222	1
1684	222	3
1685	222	4
1686	222	6
1687	222	7
1688	222	8
1689	222	9
1690	222	9
1691	222	11
1692	222	12
1693	222	35
1694	222	57
1695	222	58
1696	222	60
1697	222	97
1698	222	97
1699	223	1
1700	223	2
1701	223	3
1702	223	6
1703	223	7
1704	223	13
1705	223	8
1706	223	9
1707	223	10
1708	223	11
1709	223	12
1710	223	20
1711	223	22
1712	223	24
1713	223	25
1714	223	25
1715	223	26
1716	223	27
1717	223	29
1718	223	14
1719	223	30
1720	223	31
1721	223	32
1722	223	33
1723	223	34
1724	223	35
1725	223	36
1726	223	37
1727	223	38
1728	223	39
1729	223	40
1730	223	41
1731	223	42
1732	223	43
1733	223	44
1734	223	45
1735	223	46
1736	223	47
1737	223	48
1738	223	49
1739	223	50
1740	223	51
1741	223	52
1742	223	53
1743	223	54
1744	223	55
1745	223	56
1746	223	57
1747	223	58
1748	223	59
1749	223	60
1750	223	61
1751	223	62
1752	223	63
1753	223	64
1754	223	65
1755	223	66
1756	223	67
1757	223	68
1758	223	70
1759	223	71
1760	223	72
1761	223	75
1762	223	76
1763	223	77
1764	223	78
1765	223	79
1766	223	80
1767	223	81
1768	223	82
1769	223	83
1770	223	84
1771	223	85
1772	223	86
1773	223	87
1774	223	88
1775	223	89
1776	223	91
1777	223	92
1778	223	94
1779	223	95
1780	223	96
1781	223	97
1782	223	98
1783	223	99
1784	223	100
1785	223	101
1786	223	102
1787	223	103
1788	223	104
1789	223	105
1790	223	107
1791	223	110
1792	223	111
1793	223	112
1794	223	113
1795	223	113
1796	223	114
1797	223	115
1798	223	116
1799	223	117
1800	223	118
1801	223	119
1802	223	120
1803	223	121
1804	223	122
1805	223	123
1806	223	124
1807	223	125
1808	223	126
1809	223	127
1810	223	128
1811	223	128
1812	223	129
1813	223	130
1814	223	131
1815	223	132
1816	223	133
1817	223	134
1818	223	134
1819	223	134
1820	223	135
1821	223	136
1822	223	137
1823	223	138
1824	223	106
1825	223	106
1826	223	106
1827	223	139
1828	223	140
1829	223	141
1830	223	142
1831	223	143
1832	223	144
1833	223	145
1834	223	146
1835	223	147
1836	223	148
1837	223	149
1838	223	150
1839	223	151
1840	223	151
1841	223	151
1842	223	152
1843	223	153
1844	223	154
1845	223	155
1846	223	156
1847	223	157
1848	223	158
1849	223	159
1850	223	160
1851	223	162
1852	223	163
1853	223	161
1854	223	164
1855	223	165
1856	223	167
1857	223	166
1858	223	168
1859	224	1
1860	224	4
1861	224	9
1862	224	11
1863	224	11
1864	224	20
1865	224	22
1866	224	25
1867	224	28
1868	224	34
1869	224	35
1870	224	37
1871	224	38
1872	224	49
1873	224	55
1874	224	56
1875	224	57
1876	224	57
1877	224	59
1878	224	60
1879	224	60
1880	224	64
1881	224	71
1882	224	91
1883	224	97
1884	224	97
1885	224	116
1886	224	116
1887	225	1
1888	225	3
1889	225	6
1890	225	8
1891	225	10
1892	225	11
1893	225	12
1894	225	20
1895	225	22
1896	225	26
1897	225	27
1898	225	30
1899	225	31
1900	225	33
1901	225	34
1902	225	36
1903	225	38
1904	225	38
1905	225	39
1906	225	40
1907	225	41
1908	225	42
1909	225	43
1910	225	44
1911	225	46
1912	225	47
1913	225	48
1914	225	49
1915	225	51
1916	225	52
1917	225	53
1918	225	54
1919	225	55
1920	225	57
1921	225	58
1922	225	59
1923	225	60
1924	225	61
1925	225	63
1926	225	64
1927	225	65
1928	225	66
1929	225	67
1930	225	68
1931	225	70
1932	225	71
1933	225	75
1934	225	76
1935	225	77
1936	225	78
1937	225	79
1938	225	80
1939	225	82
1940	225	83
1941	225	84
1942	225	85
1943	225	86
1944	225	87
1945	225	88
1946	225	91
1947	225	92
1948	225	94
1949	225	95
1950	225	96
1951	225	97
1952	225	98
1953	225	99
1954	225	100
1955	225	103
1956	225	104
1957	225	105
1958	225	107
1959	225	110
1960	225	111
1961	225	112
1962	225	113
1963	225	114
1964	225	115
1965	225	117
1966	225	118
1967	225	119
1968	225	120
1969	225	121
1970	225	122
1971	225	123
1972	225	124
1973	225	125
1974	225	126
1975	225	127
1976	225	128
1977	225	129
1978	225	130
1979	225	131
1980	225	132
1981	225	133
1982	225	134
1983	225	135
1984	225	136
1985	225	137
1986	225	138
1987	225	106
1988	225	139
1989	225	140
1990	225	141
1991	225	142
1992	225	143
1993	225	144
1994	225	145
1995	225	146
1996	225	147
1997	225	148
1998	225	149
1999	225	150
2000	225	151
2001	225	151
2002	225	152
2003	225	153
2004	225	154
2005	225	155
2006	225	156
2007	225	157
2008	225	158
2009	225	159
2010	225	160
2011	225	162
2012	225	161
2013	225	163
2014	225	164
2015	225	165
2016	225	167
2017	225	166
2018	225	168
2019	226	1
2020	226	9
2021	226	28
2022	227	9
2023	227	9
2024	227	97
2025	228	1
2026	228	11
2027	228	11
2028	228	20
2029	228	22
2030	228	28
2031	228	34
2032	228	35
2033	228	37
2034	228	38
2035	228	49
2036	228	55
2037	228	57
2038	228	59
2039	228	60
2040	228	60
2041	228	71
2042	228	91
2043	228	97
2044	229	1
2045	229	9
2046	229	11
2047	229	20
2048	229	22
2049	229	25
2050	229	34
2051	229	35
2052	229	38
2053	229	49
2054	229	55
2055	229	56
2056	229	57
2057	229	59
2058	229	60
2059	229	64
2060	229	71
2061	229	91
2062	229	97
2063	229	116
2064	231	25
2065	231	28
2066	231	57
2067	232	25
2068	232	28
2069	232	32
2070	234	57
2071	238	1
2072	238	11
2073	238	20
2074	238	22
2075	238	25
2076	238	34
2077	238	38
2078	238	49
2079	238	55
2080	238	56
2081	238	57
2082	238	59
2083	238	60
2084	238	64
2085	238	71
2086	238	82
2087	238	91
2088	238	97
2089	238	116
2090	238	117
2091	238	118
2092	238	119
2093	238	120
2094	238	135
2095	238	168
2096	239	57
2097	241	7
2098	241	9
2099	241	11
2100	241	11
2101	241	11
2102	241	20
2103	241	22
2104	241	22
2105	241	24
2106	241	24
2107	241	28
2108	241	34
2109	241	35
2110	241	37
2111	241	37
2112	241	49
2113	241	55
2114	241	55
2115	241	57
2116	241	57
2117	241	57
2118	241	58
2119	241	58
2120	241	58
2121	241	58
2122	241	58
2123	241	59
2124	241	60
2125	241	64
2126	241	71
2127	241	91
2128	241	91
2129	241	97
2130	241	97
2131	242	4
2132	242	28
2133	243	1
2134	243	7
2135	243	9
2136	243	11
2137	243	20
2138	243	22
2139	243	24
2140	243	25
2141	243	28
2142	243	32
2143	243	34
2144	243	35
2145	243	38
2146	243	49
2147	243	55
2148	243	56
2149	243	57
2150	243	59
2151	243	60
2152	243	64
2153	243	71
2154	243	91
2155	243	97
2156	244	97
2157	245	82
2158	245	128
2159	245	128
2160	246	28
2161	246	58
2162	247	28
2163	248	1
2164	248	7
2165	248	9
2166	248	11
2167	248	37
2168	249	9
2169	250	25
2170	250	28
2171	250	37
2172	251	1
2173	251	1
2174	251	1
2175	251	3
2176	251	6
2177	251	7
2178	251	7
2179	251	7
2180	251	8
2181	251	9
2182	251	9
2183	251	9
2184	251	10
2185	251	12
2186	251	12
2187	251	12
2188	251	22
2189	251	22
2190	251	24
2191	251	34
2192	251	35
2193	251	38
2194	251	37
2195	251	49
2196	251	55
2197	251	55
2198	251	58
2199	251	58
2200	251	59
2201	251	60
2202	251	60
2203	251	64
2204	251	64
2205	251	71
2206	251	71
2207	251	82
2208	251	82
2209	251	83
2210	251	83
2211	251	91
2212	251	97
2213	251	97
2214	251	104
2215	251	104
2216	251	104
2217	251	104
2218	251	105
2219	251	105
2220	251	107
2221	251	107
2222	251	116
2223	251	116
2224	251	128
2225	251	128
2226	251	128
2227	251	128
2228	251	129
2229	251	129
2230	251	129
2231	251	129
2232	251	130
2233	251	130
2234	251	130
2235	251	131
2236	251	131
2237	251	106
2238	251	106
2239	251	106
2240	251	140
2241	251	140
2242	251	140
2243	251	141
2244	251	141
2245	251	145
2246	251	145
2247	251	145
2248	251	146
2249	251	146
2250	251	152
2251	251	152
2252	251	152
2253	255	12
2254	255	28
2255	255	35
2256	255	35
2257	255	37
2258	255	37
2259	255	37
2260	255	56
2261	255	57
2262	255	57
2263	255	57
2264	255	58
2265	255	58
2266	255	58
2267	255	75
2268	255	75
2269	255	75
2270	255	82
2271	255	97
2272	255	97
2273	255	97
2274	255	116
2275	255	116
2276	255	128
2277	255	128
2278	255	128
2279	255	130
2280	255	130
2281	256	28
2282	259	28
2283	260	1
2284	260	1
2285	260	1
2286	260	7
2287	260	9
2288	260	9
2289	260	11
2290	261	1
2291	261	1
2292	261	3
2293	261	6
2294	261	7
2295	261	7
2296	261	8
2297	261	9
2298	261	9
2299	261	9
2300	261	10
2301	261	11
2302	261	12
2303	261	12
2304	261	12
2305	261	20
2306	261	22
2307	261	24
2308	261	29
2309	261	30
2310	261	34
2311	261	35
2312	261	37
2313	261	38
2314	261	44
2315	261	48
2316	261	49
2317	261	49
2318	261	49
2319	261	49
2320	261	55
2321	261	58
2322	261	60
2323	261	60
2324	261	71
2325	261	75
2326	261	82
2327	261	83
2328	261	83
2329	261	91
2330	261	97
2331	261	97
2332	261	104
2333	261	104
2334	261	104
2335	261	104
2336	261	105
2337	261	107
2338	261	116
2339	261	117
2340	261	117
2341	261	118
2342	261	118
2343	261	119
2344	261	119
2345	261	120
2346	261	120
2347	261	128
2348	261	128
2349	261	128
2350	261	128
2351	261	129
2352	261	130
2353	261	130
2354	261	130
2355	261	131
2356	261	134
2357	261	135
2358	261	140
2359	261	141
2360	261	145
2361	261	146
2362	261	152
2363	261	153
2364	261	159
2365	263	8
2366	263	8
2367	263	12
2368	263	22
2369	263	55
2370	263	55
2371	263	71
2372	263	71
2373	263	91
2374	263	97
2375	263	97
2376	264	3
2377	264	6
2378	264	8
2379	264	11
2380	264	11
2381	264	12
2382	264	20
2383	264	22
2384	264	22
2385	264	34
2386	264	35
2387	264	37
2388	264	49
2389	264	55
2390	264	55
2391	264	57
2392	264	59
2393	264	60
2394	264	60
2395	264	64
2396	264	71
2397	264	91
2398	264	97
2399	264	97
2400	264	116
2401	264	116
2402	266	12
2403	271	1
2404	271	8
2405	271	10
2406	271	12
2407	271	22
2408	271	26
2409	271	27
2410	271	40
2411	271	42
2412	271	43
2413	271	44
2414	271	46
2415	271	51
2416	271	52
2417	271	53
2418	271	54
2419	271	55
2420	271	58
2421	271	59
2422	271	61
2423	271	63
2424	271	64
2425	271	66
2426	271	68
2427	271	71
2428	271	77
2429	271	78
2430	271	79
2431	271	83
2432	271	84
2433	271	85
2434	271	86
2435	271	87
2436	271	88
2437	271	91
2438	271	94
2439	271	95
2440	271	96
2441	271	97
2442	271	98
2443	271	103
2444	271	104
2445	271	105
2446	271	107
2447	271	110
2448	271	111
2449	271	114
2450	271	117
2451	271	118
2452	271	119
2453	271	120
2454	271	125
2455	271	127
2456	271	129
2457	271	130
2458	271	134
2459	271	135
2460	271	136
2461	271	106
2462	271	139
2463	271	150
2464	271	151
2465	271	156
2466	271	158
2467	271	168
2468	272	4
2469	272	59
2470	272	64
2471	272	91
2472	272	97
2473	274	1
2474	274	9
2475	274	25
2476	274	57
2477	274	82
2478	274	97
2479	274	116
2480	274	127
2481	278	57
2482	278	97
2483	280	3
2484	280	6
2485	280	8
2486	280	9
2487	280	9
2488	280	12
2489	280	20
2490	280	22
2491	280	28
2492	280	34
2493	280	35
2494	280	38
2495	280	55
2496	280	57
2497	280	58
2498	280	60
2499	280	60
2500	280	71
2501	280	91
2502	280	97
2503	280	116
2504	281	82
2505	283	82
2506	285	1
2507	285	82
2508	287	1
2509	287	7
2510	287	7
2511	287	9
2512	287	9
2513	287	37
2514	288	9
2515	289	1
2516	289	1
2517	292	1
2518	292	1
2519	292	1
2520	292	4
2521	292	7
2522	292	9
2523	292	9
2524	292	11
2525	292	12
2526	292	12
2527	292	49
2528	292	49
2529	292	49
2530	292	57
2531	292	58
2532	292	59
2533	292	64
2534	292	82
2535	292	83
2536	292	83
2537	292	83
2538	292	97
2539	292	104
2540	292	104
2541	292	104
2542	292	105
2543	292	105
2544	292	105
2545	292	107
2546	292	107
2547	292	107
2548	292	116
2549	292	119
2550	292	128
2551	292	129
2552	292	129
2553	292	129
2554	292	130
2555	292	130
2556	292	130
2557	292	131
2558	292	131
2559	292	131
2560	292	106
2561	292	106
2562	292	140
2563	292	140
2564	292	140
2565	292	141
2566	292	141
2567	292	141
2568	292	145
2569	292	145
2570	292	145
2571	292	146
2572	292	146
2573	292	146
2574	292	152
2575	292	152
2576	292	152
2577	292	168
2578	293	1
2579	423	1
2580	293	4
2581	423	4
2582	293	7
2583	423	7
2584	293	9
2585	423	9
2586	293	10
2587	423	10
2588	293	11
2589	423	11
2590	293	12
2591	423	12
2592	293	12
2593	423	12
2594	293	49
2595	423	49
2596	293	82
2597	423	82
2598	293	83
2599	293	104
2600	423	104
2601	293	104
2602	423	104
2603	293	105
2604	293	105
2605	293	107
2606	423	107
2607	293	107
2608	423	107
2609	293	116
2610	423	116
2611	423	116
2612	293	128
2613	423	128
2614	293	128
2615	423	128
2616	293	129
2617	423	129
2618	293	130
2619	423	130
2620	293	130
2621	423	130
2622	293	131
2623	423	131
2624	293	131
2625	423	131
2626	293	106
2627	423	106
2628	293	106
2629	423	106
2630	293	106
2631	423	106
2632	423	106
2633	293	106
2634	293	106
2635	423	106
2636	293	140
2637	423	140
2638	293	140
2639	423	140
2640	293	141
2641	423	141
2642	293	141
2643	423	141
2644	293	145
2645	423	145
2646	293	145
2647	423	145
2648	294	28
2649	294	28
2650	295	1
2651	295	3
2652	295	6
2653	295	8
2654	295	9
2655	295	28
2656	295	49
2657	295	49
2658	295	82
2659	295	83
2660	295	83
2661	295	104
2662	295	105
2663	295	107
2664	295	107
2665	295	116
2666	295	128
2667	295	128
2668	295	129
2669	295	130
2670	295	131
2671	295	106
2672	295	140
2673	296	28
2674	296	57
2675	296	57
2676	296	82
2677	296	116
2678	299	28
2679	301	4
2680	301	9
2681	301	25
2682	301	28
2683	301	37
2684	301	56
2685	301	57
2686	301	58
2687	301	58
2688	301	75
2689	301	75
2690	301	82
2691	301	82
2692	301	82
2693	301	82
2694	301	91
2695	301	91
2696	301	97
2697	301	97
2698	301	97
2699	301	116
2700	301	128
2701	301	128
2702	301	134
2703	301	134
2704	302	8
2705	302	22
2706	302	64
2707	302	71
2708	302	97
2709	308	1
2710	308	1
2711	314	1
2712	315	1
2713	317	1
2714	317	57
2715	318	1
2716	318	25
2717	318	28
2718	318	57
2719	319	25
2720	321	1
2721	321	1
2722	321	1
2723	321	1
2724	321	4
2725	321	7
2726	321	7
2727	321	9
2728	321	9
2729	321	11
2730	321	12
2731	321	12
2732	321	49
2733	321	49
2734	321	49
2735	321	82
2736	321	82
2737	321	82
2738	321	83
2739	321	83
2740	321	97
2741	321	97
2742	321	104
2743	321	104
2744	321	104
2745	321	105
2746	321	105
2747	321	107
2748	321	107
2749	321	119
2750	321	128
2751	321	128
2752	321	129
2753	321	129
2754	321	129
2755	321	129
2756	321	130
2757	321	130
2758	321	131
2759	321	131
2760	321	106
2761	321	140
2762	321	140
2763	321	141
2764	321	141
2765	321	145
2766	321	145
2767	321	146
2768	321	146
2769	321	152
2770	321	152
2771	323	1
2772	422	1
2773	323	1
2774	422	1
2775	323	9
2776	422	9
2777	323	11
2778	422	11
2779	323	12
2780	422	12
2781	323	12
2782	422	12
2783	323	49
2784	422	49
2785	323	49
2786	422	49
2787	323	82
2788	422	82
2789	323	83
2790	323	83
2791	323	104
2792	422	104
2793	323	105
2794	323	105
2795	323	107
2796	422	107
2797	323	107
2798	422	107
2799	323	128
2800	422	128
2801	323	129
2802	422	129
2803	323	129
2804	422	129
2805	323	130
2806	422	130
2807	323	131
2808	422	131
2809	323	131
2810	422	131
2811	323	106
2812	422	106
2813	323	140
2814	422	140
2815	323	140
2816	422	140
2817	323	141
2818	422	141
2819	323	141
2820	422	141
2821	323	145
2822	422	145
2823	324	1
2824	324	1
2825	324	7
2826	324	9
2827	324	9
2828	324	9
2829	324	10
2830	324	11
2831	324	12
2832	324	12
2833	324	49
2834	324	82
2835	324	83
2836	324	104
2837	324	104
2838	324	105
2839	324	107
2840	324	116
2841	324	116
2842	324	128
2843	324	128
2844	324	129
2845	324	129
2846	324	130
2847	324	130
2848	324	131
2849	324	106
2850	324	140
2851	325	1
2852	325	7
2853	325	9
2854	325	28
2855	326	28
2856	327	28
2857	331	1
2858	331	1
2859	331	1
2860	331	4
2861	331	6
2862	331	9
2863	331	9
2864	331	11
2865	331	12
2866	331	12
2867	331	20
2868	331	22
2869	331	25
2870	331	34
2871	331	38
2872	331	49
2873	331	55
2874	331	57
2875	331	59
2876	331	60
2877	331	64
2878	331	71
2879	331	82
2880	331	91
2881	331	97
2882	331	119
2883	331	168
2884	334	28
2885	341	1
2886	342	1
2887	344	1
2888	345	1
2889	345	9
2890	345	57
2891	348	1
2892	348	1
2893	348	1
2894	348	4
2895	348	9
2896	348	9
2897	348	57
2898	348	58
2899	348	59
2900	348	64
2901	348	82
2902	348	82
2903	348	82
2904	348	91
2905	348	97
2906	348	128
2907	350	1
2908	350	1
2909	350	4
2910	350	4
2911	350	7
2912	350	7
2913	350	9
2914	350	82
2915	350	106
2916	351	1
2917	351	1
2918	351	7
2919	351	9
2920	351	11
2921	351	49
2922	351	83
2923	351	104
2924	351	104
2925	351	105
2926	351	107
2927	351	116
2928	351	129
2929	351	129
2930	351	130
2931	351	130
2932	351	131
2933	351	106
2934	351	140
2935	351	140
2936	352	1
2937	352	1
2938	352	7
2939	352	9
2940	352	49
2941	352	82
2942	352	82
2943	352	83
2944	352	104
2945	352	104
2946	352	105
2947	352	105
2948	352	107
2949	352	116
2950	352	116
2951	352	128
2952	352	128
2953	352	129
2954	352	129
2955	352	130
2956	352	130
2957	352	106
2958	353	28
2959	354	1
2960	354	9
2961	354	28
2962	355	28
2963	357	91
2964	357	134
2965	358	28
2966	364	4
2967	366	1
2968	366	7
2969	366	7
2970	366	9
2971	366	168
2972	367	82
2973	367	82
2974	367	130
2975	369	1
2976	369	1
2977	369	7
2978	369	9
2979	370	1
2980	370	1
2981	370	9
2982	370	49
2983	370	83
2984	370	104
2985	370	104
2986	370	105
2987	370	105
2988	370	116
2989	370	116
2990	370	128
2991	370	129
2992	370	129
2993	370	106
2994	371	1
2995	371	7
2996	371	9
2997	371	28
2998	372	28
2999	373	28
3000	376	28
3001	378	1
3002	379	7
3003	381	7
3004	382	1
3005	382	1
3006	382	9
3007	383	1
3008	383	1
3009	383	7
3010	383	9
3011	383	49
3012	383	82
3013	383	82
3014	383	104
3015	383	104
3016	383	116
3017	383	128
3018	384	28
3019	385	28
3020	386	28
3021	389	28
3022	390	28
3023	395	7
3024	398	1
3025	398	1
3026	398	7
3027	398	9
3028	399	1
3029	399	1
3030	399	9
3031	399	116
3032	400	1
3033	400	7
3034	400	9
3035	400	28
3036	401	28
3037	405	1
3038	406	7
3039	406	128
3040	406	9
3041	406	37
3042	408	7
3043	409	1
3044	409	1
3045	409	9
3046	410	1
3047	410	7
3048	410	9
3049	411	28
3050	412	7
3051	415	7
3052	415	9
3053	417	1
3054	420	7
3055	187	28
3056	250	4
3057	186	28
3058	253	4
3059	253	4
3060	424	35
3061	424	37
3062	424	56
3063	425	57
3064	425	59
3065	426	24
3066	426	28
3067	426	59
3068	426	116
3069	429	24
3070	429	59
3071	170	4
3072	170	9
3073	170	28
3074	170	52
3075	170	88
3076	170	112
3077	170	133
3078	170	142
3079	170	148
3080	170	154
3081	173	4
3082	177	28
3083	177	57
3084	179	28
3085	180	28
3086	181	4
3087	181	9
3088	181	28
3089	181	59
3090	181	82
3091	181	116
3092	193	28
3093	196	28
3094	200	28
3095	205	28
3096	214	4
3097	225	57
3098	225	116
3099	244	28
3100	251	4
3101	251	25
3102	251	28
3103	251	119
3104	251	144
3105	251	157
3106	255	4
3107	255	4
3108	255	25
3109	255	28
3110	255	28
3111	255	82
3112	261	25
3113	261	28
3114	261	57
3115	261	59
3116	261	97
3117	261	119
3118	261	134
3119	261	136
3120	261	144
3121	261	157
3122	263	82
3123	271	82
3124	271	128
3125	285	28
3126	287	28
3127	292	25
3128	293	4
3129	423	4
3130	295	4
3131	302	116
3132	322	82
3133	323	130
3134	422	130
3135	324	4
3136	324	82
3137	324	119
3138	324	130
3139	324	144
3140	325	130
3141	327	28
3142	331	25
3143	348	57
3144	351	4
3145	351	82
3146	351	130
3147	352	130
3148	369	130
3149	370	82
3150	396	4
3151	406	28
3152	424	1
3153	424	4
3154	424	7
3155	424	9
3156	424	22
3157	424	28
3158	424	34
3159	424	37
3160	424	38
3161	424	55
3162	424	57
3163	425	1
3164	425	4
3165	425	7
3166	425	9
3167	425	20
3168	425	22
3169	425	24
3170	425	25
3171	425	34
3172	425	38
3173	425	49
3174	425	55
3175	425	60
3176	425	71
3177	425	89
3178	426	1
3179	426	4
3180	426	7
3181	426	9
3182	426	22
3183	426	25
3184	426	28
3185	426	55
3186	427	1
3187	427	4
3188	427	7
3189	427	9
3190	427	25
3191	427	37
3192	428	4
3193	428	89
3194	429	1
3195	429	4
3196	429	22
3197	429	89
3198	9	22
3199	1	22
3200	1	30
3201	1	34
3202	1	35
3203	1	35
3204	1	36
3205	1	37
3206	1	38
3207	1	39
3208	1	42
3209	1	44
3210	1	48
3211	1	48
3212	1	55
3213	1	60
3214	1	60
3215	1	50
3216	1	49
3217	1	53
3218	1	71
3219	1	71
3220	1	74
3221	1	78
3222	1	81
3223	1	89
3224	1	82
3225	1	82
3226	1	90
3227	1	101
3228	1	128
3229	1	117
3230	1	120
3231	1	102
3232	1	104
3233	1	83
3234	1	105
3235	1	84
3236	1	85
3237	1	129
3238	1	106
3239	1	137
3240	1	107
3241	1	130
3242	1	139
3243	1	131
3244	1	132
3245	1	140
3246	1	141
3247	1	145
3248	1	146
3249	1	147
3250	1	152
3251	1	153
3252	1	159
3253	1	160
3254	1	162
3255	1	155
3256	1	165
3257	1	88
3258	1	112
3259	1	133
3260	1	133
3261	1	142
3262	1	148
3263	1	148
3264	1	148
3265	1	161
3266	1	55
3267	1	71
3268	1	24
3269	1	32
3270	1	25
3271	4	30
3272	4	60
3273	4	60
3274	4	104
3275	4	90
3276	4	117
3277	4	120
3278	4	22
3279	4	55
3280	4	89
3281	4	116
3282	4	38
3283	4	97
3284	4	57
3285	4	59
3286	4	35
3287	4	35
3288	4	91
3289	4	65
3290	4	65
3291	4	37
3292	4	73
3293	4	73
3294	4	73
3295	4	93
3296	4	93
3297	4	58
3298	4	56
3299	4	69
3300	4	72
3301	4	75
3302	28	1
3303	28	22
3304	28	55
3305	28	89
3306	28	9
3307	28	38
3308	28	7
3309	28	34
3310	28	71
3311	28	73
3312	7	20
3313	7	22
3314	7	24
3315	7	30
3316	7	34
3317	7	35
3318	7	36
3319	7	38
3320	7	37
3321	7	39
3322	7	41
3323	7	43
3324	7	43
3325	7	44
3326	7	48
3327	7	55
3328	7	55
3329	7	60
3330	7	62
3331	7	72
3332	7	72
3333	7	72
3334	7	73
3335	7	78
3336	7	49
3337	7	50
3338	7	53
3339	7	52
3340	7	83
3341	7	84
3342	7	89
3343	7	89
3344	7	90
3345	7	101
3346	7	104
3347	7	104
3348	7	105
3349	7	129
3350	7	88
3351	7	112
3352	7	107
3353	7	109
3354	7	131
3355	7	132
3356	7	137
3357	7	137
3358	7	140
3359	7	133
3360	7	141
3361	7	142
3362	7	146
3363	7	152
3364	7	147
3365	7	148
3366	7	153
3367	7	154
3368	7	160
3369	7	162
3370	9	20
3371	9	21
3372	9	21
3373	9	22
3374	9	23
3375	9	24
3376	9	26
3377	9	27
3378	9	30
3379	9	34
3380	9	34
3381	9	36
3382	9	36
3383	9	38
3384	9	39
3385	9	42
3386	9	43
3387	9	43
3388	9	44
3389	9	45
3390	9	45
3391	9	49
3392	9	50
3393	9	53
3394	9	54
3395	9	55
3396	9	55
3397	9	60
3398	9	60
3399	9	59
3400	9	61
3401	9	62
3402	9	62
3403	9	63
3404	9	58
3405	9	65
3406	9	65
3407	9	67
3408	9	71
3409	9	71
3410	9	71
3411	9	72
3412	9	73
3413	9	74
3414	9	74
3415	9	76
3416	9	76
3417	9	52
3418	9	77
3419	9	78
3420	9	78
3421	9	79
3422	9	104
3423	9	137
3424	9	137
3425	9	83
3426	9	84
3427	9	85
3428	9	86
3429	9	88
3430	9	89
3431	9	90
3432	9	96
3433	9	99
3434	9	101
3435	9	112
3436	9	107
3437	9	109
3438	9	110
3439	9	114
3440	9	124
3441	9	131
3442	9	132
3443	9	133
3444	9	141
3445	9	142
3446	9	146
3447	9	147
3448	9	148
3449	9	153
3450	9	154
3451	9	160
3452	9	162
3453	9	161
3454	11	20
3455	11	22
3456	11	34
3457	11	30
3458	11	37
3459	11	38
3460	11	55
3461	11	55
3462	11	89
3463	12	37
3464	12	35
3465	12	38
3466	12	55
3467	12	89
3468	12	82
3469	13	28
3470	13	22
3471	13	38
3472	13	57
3473	22	35
3474	22	37
3475	22	65
3476	22	116
3477	22	82
3478	22	106
3479	22	130
3480	22	145
3481	22	128
3482	22	52
3483	22	112
3484	22	142
3485	22	154
3486	22	20
3487	22	88
3488	22	133
3489	22	148
3490	20	82
3491	20	128
3492	20	130
3493	20	145
3494	24	35
3495	24	37
3496	24	60
3497	24	38
3498	24	38
3499	24	65
3500	24	82
3501	24	97
3502	24	97
3503	24	128
3504	24	130
3505	24	145
3506	24	159
3507	25	38
3508	25	65
3509	30	30
3510	34	34
3511	34	35
3512	35	71
3513	38	46
3514	38	48
3515	38	38
3516	38	55
3517	38	58
3518	38	60
3519	38	65
3520	38	71
3521	38	71
3522	38	73
3523	38	91
3524	38	91
3525	38	93
3526	38	104
3527	38	137
3528	49	11
3529	49	27
3530	49	37
3531	49	59
3532	49	64
3533	49	82
3534	49	105
3535	49	130
3536	49	140
3537	49	145
3538	49	152
3539	49	52
3540	49	112
3541	49	142
3542	49	20
3543	49	88
3544	49	133
3545	49	148
3546	49	119
3547	49	144
3548	49	157
3549	55	65
3550	60	60
3551	60	65
3552	60	89
3553	65	89
3554	71	91
3555	1	1
3556	1	4
3557	1	7
3558	1	9
3559	1	28
3560	4	9
3561	9	9
3562	9	48
3563	11	25
3564	22	28
3565	24	49
3566	24	89
3567	1	20
3568	1	52
3569	4	38
3570	38	38
3571	182	169
3572	183	169
3573	16	169
3574	184	169
3575	185	169
3576	186	169
3577	187	169
3578	188	169
3579	189	169
3580	190	169
3581	191	169
3582	17	169
3583	192	169
3584	193	169
3585	194	169
3586	195	169
3587	196	169
3588	197	169
3589	198	169
3590	199	169
3591	200	169
3592	201	169
3593	202	169
3594	203	169
3595	204	169
3596	205	169
3597	206	169
3598	207	169
3599	208	169
3600	18	169
3601	209	169
3602	210	169
3603	210	169
3604	210	169
3605	211	169
3606	211	169
3607	212	169
3608	213	169
3609	213	169
3610	214	169
3611	215	169
3612	215	169
3613	216	169
3614	216	169
3615	216	169
3616	217	169
3617	217	169
3618	218	169
3619	219	169
3620	220	169
3621	220	169
3622	19	169
3623	19	169
3624	221	169
3625	221	169
3626	221	169
3627	222	169
3628	222	169
3629	223	169
3630	223	169
3631	224	169
3632	225	169
3633	226	169
3634	226	169
3635	227	169
3636	227	169
3637	228	169
3638	229	169
3639	230	169
3640	231	169
3641	231	169
3642	232	169
3643	233	169
3644	233	169
3645	234	169
3646	234	169
3647	235	169
3648	235	169
3649	236	169
3650	236	169
3651	237	169
3652	238	169
3653	238	169
3654	239	169
3655	239	169
3656	240	169
3657	241	169
3658	241	169
3659	242	169
3660	243	169
3661	244	169
3662	244	169
3663	244	169
3664	245	169
3665	245	169
3666	246	169
3667	246	169
3668	247	169
3669	247	169
3670	248	169
3671	248	169
3672	248	169
3673	249	169
3674	250	169
3675	251	169
3676	251	169
3677	251	169
3678	251	169
3679	251	169
3680	252	169
3681	252	169
3682	252	169
3683	252	169
3684	253	169
3685	253	169
3686	254	169
3687	254	169
3688	255	169
3689	255	169
3690	256	169
3691	257	169
3692	258	169
3693	258	169
3694	258	169
3695	259	169
3696	259	169
3697	260	169
3698	260	169
3699	260	169
3700	261	169
3701	261	169
3702	261	169
3703	261	169
3704	262	169
3705	263	169
3706	263	169
3707	263	169
3708	264	169
3709	264	169
3710	265	169
3711	265	169
3712	266	169
3713	266	169
3714	267	169
3715	267	169
3716	268	169
3717	268	169
3718	269	169
3719	269	169
3720	270	169
3721	270	169
3722	271	169
3723	271	169
3724	271	169
3725	271	169
3726	272	169
3727	272	169
3728	273	169
3729	273	169
3730	274	169
3731	274	169
3732	274	169
3733	275	169
3734	276	169
3735	276	169
3736	277	169
3737	277	169
3738	278	169
3739	278	169
3740	278	169
3741	279	169
3742	279	169
3743	280	169
3744	280	169
3745	281	169
3746	281	169
3747	282	169
3748	282	169
3749	283	169
3750	283	169
3751	284	169
3752	285	169
3753	285	169
3754	286	169
3755	286	169
3756	287	169
3757	287	169
3758	288	169
3759	288	169
3760	289	169
3761	289	169
3762	290	169
3763	290	169
3764	290	169
3765	291	169
3766	291	169
3767	291	169
3768	292	169
3769	292	169
3770	292	169
3771	292	169
3772	292	169
3773	292	169
3774	293	169
3775	423	169
3776	293	169
3777	423	169
3778	293	169
3779	423	169
3780	293	169
3781	423	169
3782	293	169
3783	294	169
3784	294	169
3785	294	169
3786	295	169
3787	295	169
3788	295	169
3789	295	169
3790	296	169
3791	296	169
3792	297	169
3793	297	169
3794	298	169
3795	298	169
3796	298	169
3797	299	169
3798	299	169
3799	300	169
3800	301	169
3801	301	169
3802	302	169
3803	302	169
3804	302	169
3805	303	169
3806	303	169
3807	304	169
3808	304	169
3809	305	169
3810	305	169
3811	306	169
3812	306	169
3813	307	169
3814	307	169
3815	308	169
3816	308	169
3817	308	169
3818	309	169
3819	310	169
3820	310	169
3821	310	169
3822	311	169
3823	311	169
3824	311	169
3825	312	169
3826	312	169
3827	312	169
3828	313	169
3829	314	169
3830	314	169
3831	315	169
3832	315	169
3833	316	169
3834	316	169
3835	317	169
3836	317	169
3837	318	169
3838	318	169
3839	319	169
3840	319	169
3841	319	169
3842	319	169
3843	320	169
3844	320	169
3845	321	169
3846	321	169
3847	321	169
3848	321	169
3849	321	169
3850	321	169
3851	321	169
3852	322	169
3853	322	169
3854	322	169
3855	322	169
3856	322	169
3857	323	169
3858	422	169
3859	323	169
3860	323	169
3861	324	169
3862	324	169
3863	325	169
3864	325	169
3865	326	169
3866	327	169
3867	327	169
3868	328	169
3869	328	169
3870	329	169
3871	329	169
3872	329	169
3873	329	169
3874	330	169
3875	330	169
3876	331	169
3877	331	169
3878	331	169
3879	331	169
3880	331	169
3881	332	169
3882	332	169
3883	332	169
3884	332	169
3885	333	169
3886	333	169
3887	333	169
3888	333	169
3889	333	169
3890	333	169
3891	334	169
3892	335	169
3893	335	169
3894	336	169
3895	336	169
3896	336	169
3897	337	169
3898	337	169
3899	338	169
3900	338	169
3901	338	169
3902	339	169
3903	339	169
3904	339	169
3905	339	169
3906	340	169
3907	340	169
3908	340	169
3909	341	169
3910	341	169
3911	342	169
3912	342	169
3913	343	169
3914	343	169
3915	344	169
3916	344	169
3917	345	169
3918	345	169
3919	346	169
3920	346	169
3921	347	169
3922	347	169
3923	347	169
3924	348	169
3925	348	169
3926	348	169
3927	348	169
3928	349	169
3929	349	169
3930	350	169
3931	350	169
3932	350	169
3933	350	169
3934	350	169
3935	350	169
3936	351	169
3937	351	169
3938	352	169
3939	352	169
3940	353	169
3941	353	169
3942	353	169
3943	354	169
3944	354	169
3945	355	169
3946	355	169
3947	355	169
3948	356	169
3949	356	169
3950	357	169
3951	357	169
3952	357	169
3953	357	169
3954	357	169
3955	358	169
3956	359	169
3957	359	169
3958	360	169
3959	360	169
3960	360	169
3961	360	169
3962	360	169
3963	361	169
3964	361	169
3965	361	169
3966	362	169
3967	362	169
3968	363	169
3969	363	169
3970	363	169
3971	363	169
3972	364	169
3973	364	169
3974	365	169
3975	365	169
3976	365	169
3977	366	169
3978	366	169
3979	367	169
3980	367	169
3981	367	169
3982	368	169
3983	368	169
3984	369	169
3985	369	169
3986	370	169
3987	370	169
3988	370	169
3989	371	169
3990	371	169
3991	372	169
3992	373	169
3993	373	169
3994	374	169
3995	374	169
3996	375	169
3997	375	169
3998	376	169
3999	377	169
4000	377	169
4001	377	169
4002	377	169
4003	378	169
4004	378	169
4005	379	169
4006	379	169
4007	379	169
4008	379	169
4009	379	169
4010	380	169
4011	380	169
4012	381	169
4013	381	169
4014	382	169
4015	382	169
4016	382	169
4017	383	169
4018	383	169
4019	384	169
4020	384	169
4021	385	169
4022	385	169
4023	386	169
4024	386	169
4025	387	169
4026	387	169
4027	387	169
4028	388	169
4029	388	169
4030	389	169
4031	389	169
4032	390	169
4033	390	169
4034	391	169
4035	392	169
4036	392	169
4037	392	169
4038	393	169
4039	393	169
4040	394	169
4041	394	169
4042	395	169
4043	395	169
4044	396	169
4045	396	169
4046	397	169
4047	397	169
4048	398	169
4049	398	169
4050	399	169
4051	399	169
4052	400	169
4053	400	169
4054	401	169
4055	402	169
4056	402	169
4057	402	169
4058	403	169
4059	403	169
4060	404	169
4061	404	169
4062	404	169
4063	404	169
4064	405	169
4065	405	169
4066	406	169
4067	406	169
4068	407	169
4069	407	169
4070	408	169
4071	408	169
4072	409	169
4073	409	169
4074	410	169
4075	410	169
4076	411	169
4077	411	169
4078	412	169
4079	412	169
4080	413	169
4081	413	169
4082	414	169
4083	414	169
4084	415	169
4085	415	169
4086	416	169
4087	416	169
4088	417	169
4089	417	169
4090	418	169
4091	418	169
4092	419	169
4093	419	169
4094	420	169
4095	420	169
4096	421	169
4097	421	169
4098	170	169
4099	171	169
4100	172	169
4101	173	169
4102	174	169
4103	175	169
4104	176	169
4105	177	169
4106	178	169
4107	180	169
4108	181	169
4109	190	169
4110	222	169
4111	261	169
4112	264	169
4113	265	169
4114	170	424
4115	170	425
4116	170	427
4117	172	424
4118	172	425
4119	172	427
4120	173	424
4121	173	425
4122	173	427
4123	174	424
4124	174	425
4125	174	427
4126	175	424
4127	175	425
4128	175	427
4129	176	424
4130	176	425
4131	176	427
4132	177	424
4133	177	425
4134	177	427
4135	178	424
4136	178	425
4137	178	427
4138	180	424
4139	180	425
4140	180	427
4141	181	424
4142	181	425
4143	181	427
4144	190	425
4145	223	425
4146	225	425
4147	271	425
4148	271	425
4149	308	425
4150	1	169
4151	4	169
4152	9	169
4153	11	169
4154	1	664
4155	2	664
4156	3	664
4157	6	664
4158	8	664
4159	11	664
4160	12	664
4161	20	664
4162	20	664
4163	21	664
4164	22	664
4165	22	664
4166	23	664
4167	24	664
4168	25	664
4169	27	664
4170	28	664
4171	29	664
4172	14	664
4173	30	664
4174	32	664
4175	34	664
4176	34	664
4177	35	664
4178	35	664
4179	36	664
4180	37	664
4181	37	664
4182	38	664
4183	38	664
4184	43	664
4185	44	664
4186	46	664
4187	47	664
4188	48	664
4189	49	664
4190	49	664
4191	50	664
4192	50	664
4193	51	664
4194	52	664
4195	55	664
4196	55	664
4197	56	664
4198	57	664
4199	57	664
4200	58	664
4201	59	664
4202	60	664
4203	60	664
4204	64	664
4205	65	664
4206	70	664
4207	71	664
4208	71	664
4209	72	664
4210	74	664
4211	75	664
4212	75	664
4213	81	664
4214	82	664
4215	82	664
4216	83	664
4217	84	664
4218	85	664
4219	87	664
4220	88	664
4221	88	664
4222	89	664
4223	89	664
4224	89	664
4225	91	664
4226	91	664
4227	91	664
4228	91	664
4229	92	664
4230	97	664
4231	97	664
4232	97	664
4233	103	664
4234	103	664
4235	104	664
4236	104	664
4237	105	664
4238	105	664
4239	107	664
4240	107	664
4241	109	664
4242	111	664
4243	112	664
4244	113	664
4245	113	664
4246	115	664
4247	116	664
4248	116	664
4249	116	664
4250	119	664
4251	127	664
4252	127	664
4253	128	664
4254	128	664
4255	129	664
4256	129	664
4257	130	664
4258	130	664
4259	130	664
4260	131	664
4261	131	664
4262	131	664
4263	132	664
4264	134	664
4265	134	664
4266	136	664
4267	136	664
4268	136	664
4269	106	664
4270	106	664
4271	106	664
4272	108	664
4273	140	664
4274	140	664
4275	141	664
4276	141	664
4277	143	664
4278	143	664
4279	143	664
4280	143	664
4281	143	664
4282	144	664
4283	144	664
4284	149	664
4285	151	664
4286	151	664
4287	155	664
4288	156	664
4289	156	664
4290	182	664
4291	184	664
4292	190	664
4293	199	664
4294	205	664
4295	210	664
4296	216	664
4297	223	664
4298	223	664
4299	261	664
4300	261	664
4301	424	664
4302	425	664
4303	426	664
4304	427	664
4305	428	664
4306	429	664
4307	430	663
4308	431	663
4309	432	663
4310	173	432
4311	174	432
4312	433	663
4313	434	663
4314	435	663
4315	436	663
4316	437	663
4317	173	437
4318	223	437
4319	174	437
4320	438	663
4321	439	663
4322	440	663
4323	441	663
4324	442	663
4325	443	663
4326	444	663
4327	445	663
4328	170	445
4329	170	445
4330	170	445
4331	223	445
4332	225	445
4333	174	445
4334	174	445
4335	150	663
4336	150	664
4337	446	663
4338	447	663
4339	448	663
4340	449	663
4341	450	663
4342	451	663
4343	452	663
4344	453	663
4345	455	663
4346	456	663
4347	457	663
4348	170	457
4349	170	457
4350	173	457
4351	173	457
4352	223	457
4353	223	457
4354	174	457
4355	174	457
4356	174	457
4357	458	663
4358	170	458
4359	170	458
4360	173	458
4361	173	458
4362	223	458
4363	223	458
4364	174	458
4365	174	458
4366	174	458
4367	168	663
4368	459	663
4369	170	459
4370	170	459
4371	173	459
4372	173	459
4373	223	459
4374	223	459
4375	174	459
4376	174	459
4377	174	459
4378	460	663
4379	170	460
4380	170	460
4381	173	460
4382	173	460
4383	223	460
4384	223	460
4385	174	460
4386	174	460
4387	174	460
4388	461	663
4389	170	461
4390	173	461
4391	173	461
4392	223	461
4393	223	461
4394	174	461
4395	174	461
4396	174	461
4397	462	663
4398	173	462
4399	223	462
4400	174	462
4401	463	663
4402	170	463
4403	170	463
4404	170	463
4405	170	463
4406	173	463
4407	173	463
4408	173	463
4409	223	463
4410	174	463
4411	174	463
4412	174	463
4413	24	463
4414	38	137
4415	464	169
4416	464	169
4417	302	91
4418	465	169
4419	465	169
4420	357	91
4421	261	113
4422	469	663
4423	470	663
4424	471	663
4425	472	663
4426	473	663
4427	474	663
4428	475	663
4429	477	663
4430	478	663
4431	479	663
4432	480	663
4433	480	663
4434	481	663
4435	482	663
4436	483	663
4437	484	663
4438	485	663
4439	486	663
4440	487	663
4441	488	663
4442	489	663
4443	490	663
4444	491	663
4445	492	663
4446	493	663
4447	494	663
4448	494	663
4449	495	663
4450	496	663
4451	497	663
4452	498	663
4453	499	663
4454	500	663
4455	501	663
4456	502	663
4457	503	663
4458	504	663
4459	505	663
4460	506	663
4461	507	663
4462	508	663
4463	509	663
4464	510	663
4465	511	663
4466	512	663
4467	513	663
4468	514	663
4469	515	663
4470	516	663
4471	517	663
4472	518	663
4473	519	663
4474	520	663
4475	521	663
4476	522	663
4477	523	663
4478	524	663
4479	525	663
4480	526	663
4481	527	663
4482	528	663
4483	529	663
4484	530	663
4485	530	663
4486	531	663
4487	533	663
4488	534	663
4489	535	663
4490	536	663
4491	537	663
4492	538	663
4493	539	663
4494	540	663
4495	541	663
4496	542	663
4497	543	663
4498	544	663
4499	545	663
4500	545	663
4501	546	663
4502	547	663
4503	548	663
4504	549	663
4505	549	663
4506	550	663
4507	551	663
4508	552	663
4509	554	663
4510	555	663
4511	556	663
4512	557	663
4513	558	663
4514	559	663
4515	561	663
4516	564	663
4517	565	663
4518	566	663
4519	567	663
4520	568	663
4521	569	663
4522	570	663
4523	571	663
4524	572	663
4525	573	663
4526	574	663
4527	575	663
4528	576	663
4529	577	663
4530	578	663
4531	579	663
4532	580	663
4533	581	663
4534	582	663
4535	583	663
4536	584	663
4537	585	663
4538	586	663
4539	587	663
4540	588	663
4541	589	663
4542	590	663
4543	591	663
4544	592	663
4545	593	663
4546	594	663
4547	595	663
4548	596	663
4549	597	663
4550	599	663
4551	601	663
4552	602	663
4553	603	663
4554	605	663
4555	606	663
4556	607	663
4557	608	663
4558	610	663
4559	611	663
4560	613	663
4561	614	663
4562	615	663
4563	617	663
4564	618	663
4565	619	663
4566	620	663
4567	621	663
4568	622	663
4569	623	663
4570	624	663
4571	624	663
4572	625	663
4573	626	663
4574	627	663
4575	629	663
4576	630	663
4577	630	663
4578	631	663
4579	632	663
4580	633	663
4581	634	663
4582	636	663
4583	637	663
4584	638	663
4585	639	663
4586	641	663
4587	643	663
4588	644	663
4589	645	663
4590	646	663
4591	647	663
4592	648	663
4593	649	663
4594	650	663
4595	651	663
4596	652	663
4597	653	663
4598	654	663
4599	655	663
4600	656	663
4601	657	663
4602	658	663
4603	659	663
4604	660	663
4605	661	663
4606	662	663
4607	472	663
4608	472	663
4609	472	663
4610	474	663
4611	474	663
4612	474	663
4613	476	663
4614	476	663
4615	476	663
4616	476	663
4617	487	663
4618	487	663
4619	494	663
4620	494	663
4621	532	663
4622	532	663
4623	532	663
4624	534	663
4625	534	663
4626	534	663
4627	539	663
4628	539	663
4629	539	663
4630	539	663
4631	545	663
4632	545	663
4633	545	663
4634	546	663
4635	546	663
4636	546	663
4637	546	663
4638	548	663
4639	548	663
4640	548	663
4641	549	663
4642	549	663
4643	549	663
4644	549	663
4645	549	663
4646	551	663
4647	551	663
4648	556	663
4649	574	663
4650	574	663
4651	594	663
4652	596	663
4653	598	663
4654	604	663
4655	620	663
4656	620	663
4657	624	663
4658	624	663
4659	625	663
4660	629	663
4661	633	663
4662	633	663
4663	469	664
4664	470	664
4665	471	664
4666	472	664
4667	473	664
4668	474	664
4669	475	664
4670	476	664
4671	477	664
4672	478	664
4673	479	664
4674	479	664
4675	480	664
4676	480	664
4677	481	664
4678	482	664
4679	483	664
4680	484	664
4681	484	664
4682	485	664
4683	485	664
4684	486	664
4685	487	664
4686	487	664
4687	488	664
4688	489	664
4689	490	664
4690	491	664
4691	492	664
4692	492	664
4693	493	664
4694	493	664
4695	494	664
4696	494	664
4697	495	664
4698	496	664
4699	497	664
4700	498	664
4701	499	664
4702	500	664
4703	501	664
4704	501	664
4705	501	664
4706	502	664
4707	502	664
4708	503	664
4709	504	664
4710	505	664
4711	506	664
4712	507	664
4713	507	664
4714	508	664
4715	509	664
4716	510	664
4717	511	664
4718	512	664
4719	513	664
4720	514	664
4721	515	664
4722	516	664
4723	517	664
4724	518	664
4725	519	664
4726	520	664
4727	521	664
4728	522	664
4729	523	664
4730	524	664
4731	525	664
4732	526	664
4733	527	664
4734	528	664
4735	529	664
4736	530	664
4737	530	664
4738	531	664
4739	532	664
4740	533	664
4741	534	664
4742	535	664
4743	536	664
4744	537	664
4745	538	664
4746	539	664
4747	539	664
4748	540	664
4749	541	664
4750	542	664
4751	543	664
4752	544	664
4753	545	664
4754	545	664
4755	546	664
4756	547	664
4757	548	664
4758	549	664
4759	550	664
4760	550	664
4761	550	664
4762	551	664
4763	551	664
4764	551	664
4765	551	664
4766	552	664
4767	554	664
4768	555	664
4769	556	664
4770	557	664
4771	558	664
4772	559	664
4773	564	664
4774	565	664
4775	566	664
4776	567	664
4777	568	664
4778	569	664
4779	570	664
4780	570	664
4781	571	664
4782	572	664
4783	573	664
4784	574	664
4785	575	664
4786	576	664
4787	577	664
4788	578	664
4789	579	664
4790	580	664
4791	581	664
4792	582	664
4793	583	664
4794	584	664
4795	585	664
4796	586	664
4797	586	664
4798	587	664
4799	588	664
4800	589	664
4801	590	664
4802	591	664
4803	592	664
4804	593	664
4805	594	664
4806	595	664
4807	596	664
4808	597	664
4809	599	664
4810	601	664
4811	602	664
4812	603	664
4813	604	664
4814	605	664
4815	606	664
4816	607	664
4817	608	664
4818	610	664
4819	611	664
4820	613	664
4821	614	664
4822	615	664
4823	617	664
4824	618	664
4825	619	664
4826	620	664
4827	621	664
4828	622	664
4829	623	664
4830	624	664
4831	624	664
4832	625	664
4833	626	664
4834	627	664
4835	629	664
4836	630	664
4837	630	664
4838	631	664
4839	632	664
4840	633	664
4841	634	664
4842	636	664
4843	637	664
4844	638	664
4845	639	664
4846	641	664
4847	643	664
4848	644	664
4849	645	664
4850	646	664
4851	647	664
4852	648	664
4853	649	664
4854	650	664
4855	651	664
4856	652	664
4857	653	664
4858	654	664
4859	655	664
4860	656	664
4861	657	664
4862	658	664
4863	659	664
4864	660	664
4865	661	664
4866	662	664
4867	469	664
4868	469	664
4869	470	664
4870	471	664
4871	471	664
4872	472	664
4873	472	664
4874	472	664
4875	473	664
4876	473	664
4877	473	664
4878	474	664
4879	474	664
4880	474	664
4881	475	664
4882	475	664
4883	475	664
4884	475	664
4885	476	664
4886	476	664
4887	476	664
4888	476	664
4889	478	664
4890	478	664
4891	480	664
4892	486	664
4893	486	664
4894	487	664
4895	487	664
4896	494	664
4897	494	664
4898	498	664
4899	498	664
4900	506	664
4901	506	664
4902	508	664
4903	508	664
4904	508	664
4905	512	664
4906	512	664
4907	512	664
4908	513	664
4909	513	664
4910	514	664
4911	514	664
4912	518	664
4913	518	664
4914	519	664
4915	519	664
4916	520	664
4917	520	664
4918	523	664
4919	523	664
4920	524	664
4921	524	664
4922	525	664
4923	525	664
4924	528	664
4925	530	664
4926	530	664
4927	531	664
4928	532	664
4929	532	664
4930	532	664
4931	533	664
4932	533	664
4933	533	664
4934	534	664
4935	534	664
4936	534	664
4937	538	664
4938	538	664
4939	538	664
4940	539	664
4941	539	664
4942	539	664
4943	539	664
4944	543	664
4945	543	664
4946	545	664
4947	545	664
4948	545	664
4949	546	664
4950	546	664
4951	546	664
4952	546	664
4953	548	664
4954	548	664
4955	548	664
4956	549	664
4957	549	664
4958	551	664
4959	551	664
4960	558	664
4961	569	664
4962	569	664
4963	569	664
4964	570	664
4965	570	664
4966	570	664
4967	572	664
4968	572	664
4969	572	664
4970	575	664
4971	575	664
4972	576	664
4973	576	664
4974	587	664
4975	587	664
4976	588	664
4977	588	664
4978	590	664
4979	590	664
4980	594	664
4981	595	664
4982	595	664
4983	596	664
4984	597	664
4985	597	664
4986	598	664
4987	599	664
4988	599	664
4989	605	664
4990	605	664
4991	606	664
4992	606	664
4993	608	664
4994	608	664
4995	619	664
4996	620	664
4997	620	664
4998	624	664
4999	624	664
5000	625	664
5001	629	664
5002	630	664
5003	633	664
5004	633	664
5005	634	664
5006	636	664
5007	637	664
5008	637	664
5009	638	664
5010	639	664
5011	641	664
5012	644	664
5013	644	664
5014	645	664
5015	645	664
5016	646	664
5017	646	664
5018	647	664
5019	647	664
5020	648	664
5021	648	664
5022	649	664
5023	649	664
5024	650	664
5025	650	664
5026	650	664
5027	651	664
5028	651	664
5029	653	664
5030	653	664
5031	653	664
5032	654	664
5033	654	664
5034	655	664
5035	655	664
5036	656	664
5037	657	664
5038	1	665
5039	161	665
5040	20	665
5041	49	665
5042	82	665
5043	104	665
5044	128	665
5045	137	665
5046	151	665
5047	463	665
5048	158	665
5049	50	665
5050	53	665
5051	51	665
5052	52	665
5053	83	665
5054	105	665
5055	129	665
5056	138	665
5057	106	665
5058	84	665
5059	85	665
5060	86	665
5061	87	665
5062	88	665
5063	107	665
5064	130	665
5065	139	665
5066	108	665
5067	109	665
5068	110	665
5069	111	665
5070	112	665
5071	131	665
5072	140	665
5073	446	665
5074	457	665
5075	132	665
5076	133	665
5077	141	665
5078	145	665
5079	448	665
5080	458	665
5081	168	665
5082	142	665
5083	146	665
5084	152	665
5085	449	665
5086	459	665
5087	147	665
5088	148	665
5089	153	665
5090	159	665
5091	451	665
5092	460	665
5093	154	665
5094	160	665
5095	164	665
5096	452	665
5097	461	665
5098	162	665
5099	21	665
5100	54	665
5101	22	665
5102	55	665
5103	102	665
5104	103	665
5105	115	665
5106	454	665
5107	445	665
5108	114	665
5109	89	665
5110	149	665
5111	155	665
5112	163	665
5113	165	665
5114	167	665
5115	136	665
5116	127	665
5117	455	665
5118	156	665
5119	134	665
5120	116	665
5121	143	665
5122	438	665
5123	2	665
5124	23	665
5125	24	665
5126	25	665
5127	56	665
5128	26	665
5129	27	665
5130	3	665
5131	431	665
5132	4	665
5133	28	665
5134	440	665
5135	439	665
5136	441	665
5137	442	665
5138	443	665
5139	90	665
5140	91	665
5141	92	665
5142	57	665
5143	93	665
5144	58	665
5145	94	665
5146	95	665
5147	447	665
5148	450	665
5149	453	665
5150	456	665
5151	462	665
5152	118	665
5153	433	665
5154	119	665
5155	435	665
5156	144	665
5157	157	665
5158	166	665
5159	434	665
5160	96	665
5161	29	665
5162	59	665
5163	117	665
5164	60	665
5165	150	665
5166	113	665
5167	61	665
5168	62	665
5169	63	665
5170	5	665
5171	64	665
5172	120	665
5173	432	665
5174	65	665
5175	66	665
5176	67	665
5177	30	665
5178	68	665
5179	6	665
5180	31	665
5181	436	665
5182	7	665
5183	32	665
5184	437	665
5185	69	665
5186	8	665
5187	33	665
5188	70	665
5189	34	665
5190	71	665
5191	135	665
5192	121	665
5193	444	665
5194	97	665
5195	35	665
5196	72	665
5197	36	665
5198	9	665
5199	37	665
5200	73	665
5201	430	665
5202	74	665
5203	75	665
5204	38	665
5205	10	665
5206	39	665
5207	76	665
5208	40	665
5209	41	665
5210	11	665
5211	42	665
5212	12	665
5213	43	665
5214	77	665
5215	98	665
5216	122	665
5217	99	665
5218	123	665
5219	124	665
5220	100	665
5221	125	665
5222	44	665
5223	78	665
5224	101	665
5225	126	665
5226	45	665
5227	79	665
5228	46	665
5229	80	665
5230	47	665
5231	48	665
5232	81	665
5233	468	666
5234	469	666
5235	470	666
5236	471	666
5237	472	666
5238	473	666
5239	474	666
5240	475	666
5241	476	666
5242	477	666
5243	479	666
5244	480	666
5245	481	666
5246	482	666
5247	483	666
5248	484	666
5249	485	666
5250	486	666
5251	487	666
5252	488	666
5253	489	666
5254	491	666
5255	492	666
5256	493	666
5257	494	666
5258	495	666
5259	496	666
5260	497	666
5261	499	666
5262	500	666
5263	501	666
5264	502	666
5265	503	666
5266	504	666
5267	505	666
5268	506	666
5269	507	666
5270	508	666
5271	509	666
5272	510	666
5273	511	666
5274	512	666
5275	513	666
5276	514	666
5277	515	666
5278	516	666
5279	517	666
5280	518	666
5281	519	666
5282	520	666
5283	521	666
5284	522	666
5285	523	666
5286	524	666
5287	525	666
5288	526	666
5289	527	666
5290	528	666
5291	531	666
5292	532	666
5293	533	666
5294	534	666
5295	535	666
5296	536	666
5297	537	666
5298	539	666
5299	540	666
5300	541	666
5301	542	666
5302	543	666
5303	544	666
5304	545	666
5305	546	666
5306	547	666
5307	548	666
5308	549	666
5309	550	666
5310	551	666
5311	552	666
5312	555	666
5313	556	666
5314	557	666
5315	559	666
5316	560	666
5317	561	666
5318	562	666
5319	563	666
5320	564	666
5321	565	666
5322	566	666
5323	567	666
5324	568	666
5325	569	666
5326	570	666
5327	571	666
5328	572	666
5329	573	666
5330	574	666
5331	575	666
5332	577	666
5333	578	666
5334	579	666
5335	580	666
5336	581	666
5337	582	666
5338	583	666
5339	584	666
5340	585	666
5341	586	666
5342	587	666
5343	588	666
5344	589	666
5345	592	666
5346	593	666
5347	594	666
5348	595	666
5349	596	666
5350	598	666
5351	600	666
5352	601	666
5353	602	666
5354	603	666
5355	604	666
5356	607	666
5357	608	666
5358	609	666
5359	610	666
5360	611	666
5361	612	666
5362	613	666
5363	614	666
5364	616	666
5365	617	666
5366	618	666
5367	619	666
5368	620	666
5369	621	666
5370	623	666
5371	624	666
5372	625	666
5373	627	666
5374	628	666
5375	629	666
5376	630	666
5377	631	666
5378	632	666
5379	633	666
5380	634	666
5381	640	666
5382	641	666
5383	642	666
5384	643	666
5385	652	666
5386	653	666
5387	654	666
5388	655	666
5389	658	666
5390	660	666
5391	661	666
5392	662	666
5393	468	468
5394	468	470
5395	468	471
5396	468	473
5397	468	479
5398	468	480
5399	468	481
5400	468	482
5401	468	483
5402	468	492
5403	468	493
5404	468	500
5405	468	501
5406	468	506
5407	468	507
5408	468	512
5409	468	513
5410	468	518
5411	468	519
5412	468	523
5413	468	531
5414	468	532
5415	468	539
5416	468	555
5417	468	607
5418	468	612
5419	468	619
5420	468	620
5421	468	625
5422	468	625
5423	468	627
5424	468	628
5425	468	629
5426	468	632
5427	468	634
5428	468	640
5429	468	661
5430	531	470
5431	531	471
5432	531	473
5433	531	482
5434	531	483
5435	531	492
5436	531	493
5437	531	500
5438	531	501
5439	531	506
5440	531	507
5441	531	512
5442	531	513
5443	531	518
5444	531	519
5445	531	531
5446	531	532
5447	531	539
5448	531	555
5449	531	604
5450	531	619
5451	531	619
5452	531	619
5453	531	620
5454	531	625
5455	531	629
5456	532	532
5457	532	539
5458	532	555
5459	532	604
5460	532	620
5461	532	629
5462	539	488
5463	539	505
5464	539	517
5465	539	537
5466	539	537
5467	539	539
5468	539	555
5469	539	594
5470	539	604
5471	550	471
5472	562	468
5473	562	470
5474	562	471
5475	562	472
5476	562	473
5477	562	474
5478	562	475
5479	562	477
5480	562	479
5481	562	480
5482	562	482
5483	562	483
5484	562	484
5485	562	485
5486	562	486
5487	562	488
5488	562	489
5489	562	492
5490	562	493
5491	562	494
5492	562	495
5493	562	500
5494	562	501
5495	562	502
5496	562	503
5497	562	505
5498	562	506
5499	562	507
5500	562	508
5501	562	509
5502	562	512
5503	562	513
5504	562	514
5505	562	515
5506	562	517
5507	562	518
5508	562	519
5509	562	520
5510	562	521
5511	562	523
5512	562	524
5513	562	525
5514	562	526
5515	562	528
5516	562	531
5517	562	532
5518	562	533
5519	562	535
5520	562	535
5521	562	536
5522	562	537
5523	562	539
5524	562	547
5525	562	550
5526	562	552
5527	562	555
5528	562	556
5529	562	559
5530	562	560
5531	562	562
5532	562	564
5533	562	566
5534	562	567
5535	562	568
5536	562	569
5537	562	570
5538	562	570
5539	562	573
5540	562	573
5541	562	574
5542	562	580
5543	562	583
5544	562	584
5545	562	585
5546	562	586
5547	562	587
5548	562	588
5549	562	589
5550	562	594
5551	562	598
5552	562	604
5553	562	607
5554	562	609
5555	562	610
5556	562	612
5557	562	614
5558	562	616
5559	562	619
5560	562	620
5561	562	625
5562	562	628
5563	562	629
5564	562	630
5565	562	631
5566	562	632
5567	562	633
5568	562	634
5569	562	640
5570	562	642
5571	562	652
5572	562	653
5573	562	654
5574	562	662
5575	563	468
5576	563	470
5577	563	471
5578	563	482
5579	563	483
5580	563	492
5581	563	493
5582	563	500
5583	563	501
5584	563	506
5585	563	507
5586	563	512
5587	563	513
5588	563	518
5589	563	519
5590	563	523
5591	563	524
5592	563	532
5593	563	539
5594	563	555
5595	563	620
5596	563	634
5597	594	537
5598	612	470
5599	612	482
5600	612	483
5601	612	500
5602	612	501
5603	612	512
5604	612	513
5605	612	523
5606	612	524
5607	612	531
5608	612	532
5609	612	537
5610	612	539
5611	612	607
5612	612	612
5613	612	619
5614	612	620
5615	612	627
5616	612	628
5617	612	630
5618	612	640
5619	619	532
5620	619	539
5621	619	619
5622	619	619
5623	619	625
5624	620	539
5625	620	594
5626	620	625
5627	628	470
5628	628	482
5629	628	531
5630	628	532
5631	628	539
5632	628	555
5633	628	556
5634	628	559
5635	628	594
5636	628	594
5637	628	604
5638	628	607
5639	628	619
5640	628	620
5641	628	627
5642	628	628
5643	628	629
5644	628	630
5645	628	634
5646	628	640
5647	628	661
5648	634	532
5649	634	539
5650	634	556
5651	634	570
5652	634	594
5653	634	620
5654	634	634
5655	640	531
5656	640	539
5657	640	556
5658	640	619